$ANSIBLE_VAULT;1.1;AES256
61303566343139353337363639643235613736386237643535353935393661336337643564663262
3337663537313934613932646236306561643639613165630a633330396531356566343035306363
37306633363739666665316337333364313664346237613832386463616230366462396538643737
3036636335656336380a326166363534653665303134373837313566366139396632326232313132
64643965316630333762346464613565316361313330623262633439616364383831623132346239
32363863393136306130323733316639646266343839333038653730336538326630313330386261
63663962353661336662323132353935363038633064396138313433643339663830396263313538
63376462646638656530663634373663336335373437343632323939376664353461333236316664
61343235306130666230393338643332623931323233303333346263656666303334646334626663
39356336313736613134366133383263336664666334326231616361393431346430353639653635
31633339326538386165326630313237366136373365663038663739366133613361616238386430
36363330653735656136383661333561353632636139643539323534386237346536626530326563
64303963323338623637633530333862333962666130386562393864346137336631623266633462
64383833326633373862363265396565656234613463323061373662383837353738616136623432
36616162613239383632323132353533653162666566303337363539303839336636373237346633
35663465363263656364653934373136613839613533323539383437656432373230393163646361
33393037346465396431653939396531383862643062353035366237313866306635303961613962
35633236633561336430353030383938303738303134643064613366313539356330366634663634
38303737643232643539656530646439333833313065653036666330363239653932376530393966
33336364613533663235356662656562666361646266663832643363636265616335366332313830
34383339303963356238316565643835333130313065666136303536346434373834323466343432
33396266333662613962623161613736383832346237646261666331626162653665633834386236
31643434316232663737646361383264643532323833346131333031393266643661666232306561
39653965326561623165643536396531363532393065353461356139613466643665396565383430
63353033353236393436633461363234326636636538313734623863626131636436
